1020 885
627 956
632 956
617 956
437 627
6 632
423 801
49 801
49 843
205 843
312 531
312 907
485 907
291 485
291 862
606 862
665 847
665 814
665 904
309 847
24 847
155 847
412 814
27 368
368 818
30 818
198 863
32 198
32 863
380 963
681 963
175 681
38 175
38 380
660 775
775 926
415 660
415 903
670 775
602 695
47 695
47 795
334 428
334 438
306 428
306 651
223 651
223 438
22 928
131 928
427 714
376 427
376 409
174 409
174 877
869 877
714 869
179 652
179 255
68 179
639 652
389 652
71 828
71 794
794 828
135 633
633 866
636 866
79 157
79 378
378 1009
82 731
84 731
84 192
192 541
162 647
162 331
331 647
91 935
91 245
245 935
386 501
501 727
95 386
97 851
78 97
78 185
185 577
101 577
101 851
99 104
104 105
105 520
499 520
338 533
338 713
533 666
516 666
509 516
509 713
114 115
114 149
115 149
408 882
408 770
119 882
119 127
127 770
813 1013
884 1013
263 884
126 263
126 496
575 981
265 575
265 981
37 596
133 596
251 717
74 251
74 808
717 808
85 624
150 624
141 150
141 400
249 400
187 249
247 619
247 797
147 247
579 618
140 579
140 618
367 990
974 990
656 667
93 667
93 332
159 284
159 270
61 284
61 270
103 524
103 864
288 524
288 864
167 168
167 171
168 209
209 674
142 674
142 171
316 855
478 855
268 316
178 856
181 768
181 957
558 957
285 293
285 346
186 285
188 285
173 637
138 173
138 730
700 730
289 751
207 654
207 405
207 984
454 562
271 454
271 668
204 668
204 562
76 830
76 210
76 272
208 830
169 830
359 513
19 513
19 148
107 148
143 641
783 891
861 891
861 964
943 964
25 943
25 420
420 783
12 315
12 515
7 112
112 275
66 275
66 233
233 234
234 927
199 643
50 643
50 239
15 239
15 518
202 518
202 901
244 901
92 244
200 620
200 753
474 753
474 620
26 250
26 252
23 252
23 446
59 446
782 910
243 782
1 243
1 910
261 774
261 262
262 451
145 451
145 267
267 774
129 392
385 722
385 945
191 722
191 443
443 945
144 231
144 280
231 276
276 277
161 277
161 615
280 615
464 802
214 802
214 955
585 955
195 585
195 464
287 565
172 287
172 354
58 172
58 592
58 723
158 565
163 354
396 491
491 997
213 396
213 1015
690 997
559 997
929 997
785 1015
124 1015
160 734
160 514
308 734
308 514
878 1003
125 337
125 844
844 867
279 867
348 706
62 706
62 320
320 823
477 1014
982 1014
373 982
373 745
232 745
787 871
56 871
56 560
765 871
330 871
13 765
335 835
687 835
120 687
120 335
364 888
364 421
421 738
379 738
98 345
345 462
8 462
8 165
164 165
83 873
83 758
447 758
447 699
699 873
682 842
589 682
353 589
564 611
611 919
461 564
363 611
318 630
318 994
357 630
121 630
41 467
41 371
467 506
371 375
372 467
372 749
372 377
506 547
305 467
17 685
403 685
740 996
523 740
523 590
542 996
183 523
46 922
390 922
390 498
266 498
266 915
260 915
296 344
296 601
283 887
430 887
737 887
402 887
394 659
644 820
407 820
222 840
34 222
34 240
240 622
536 622
414 448
416 448
416 616
418 616
418 419
206 419
206 414
42 793
11 793
424 591
218 424
218 360
197 218
241 429
387 432
387 938
387 642
432 435
242 938
5 938
539 938
572 761
572 918
761 764
455 572
64 761
445 761
831 972
662 831
662 944
733 944
710 733
453 710
453 972
476 986
986 1008
457 850
212 850
212 259
259 522
369 463
55 463
55 841
73 841
73 369
370 399
370 469
399 865
399 658
865 930
302 399
302 347
134 469
290 865
70 846
70 762
846 876
762 876
655 914
170 655
170 583
303 655
303 858
48 170
282 769
282 490
490 769
582 921
493 921
336 582
410 582
254 962
254 815
815 962
86 500
500 614
525 614
525 1018
504 1018
45 747
45 511
511 832
688 832
688 747
510 528
229 528
229 494
494 676
228 676
136 228
136 510
691 759
519 759
21 759
327 950
950 1005
534 950
422 534
264 527
527 752
108 300
53 108
100 300
329 712
657 712
657 987
225 906
307 906
439 540
122 439
122 146
146 201
201 540
28 920
28 339
664 920
548 664
548 549
549 911
339 911
552 553
552 778
553 554
554 555
555 778
827 961
117 961
683 961
286 827
361 736
361 482
36 736
36 482
567 885
75 567
75 569
569 750
571 750
40 444
444 913
236 444
351 444
578 581
578 890
890 896
896 989
16 896
16 52
341 756
341 586
587 1004
799 1004
109 941
109 735
294 941
829 941
383 597
90 383
90 398
599 600
219 600
219 923
431 923
431 604
604 605
18 605
18 273
273 599
608 1019
96 608
96 703
324 1019
595 1019
517 838
130 517
51 130
51 648
257 623
196 257
196 274
274 495
495 623
436 677
436 836
836 900
628 900
628 677
189 365
190 365
3 425
3 979
679 767
679 940
128 940
128 535
489 535
489 767
669 968
322 968
497 576
217 497
217 576
269 563
253 269
253 839
488 839
488 973
111 973
111 563
110 932
110 613
635 932
512 635
512 980
434 980
434 613
321 661
321 663
507 663
310 798
281 310
203 281
203 970
397 970
397 798
796 969
883 969
333 883
106 333
106 954
139 468
10 139
72 958
39 72
39 301
301 958
570 609
609 680
2 680
2 20
20 570
226 248
226 763
692 763
692 881
694 881
502 694
912 1001
697 912
697 1001
358 480
358 626
480 702
702 744
473 744
473 704
626 704
537 725
194 537
194 908
215 908
156 508
156 433
156 726
350 508
350 388
323 350
465 786
465 720
720 786
470 870
295 470
724 742
742 977
698 977
299 1020
892 1020
728 892
732 971
227 971
227 741
741 925
401 925
29 401
29 732
739 995
739 748
80 995
80 649
649 743
743 894
894 999
607 999
89 607
89 748
63 574
63 313
94 313
44 94
44 471
450 471
450 574
298 584
54 113
54 766
113 760
760 880
610 880
57 610
57 646
646 812
766 812
180 521
180 413
413 686
686 817
772 817
772 773
711 773
711 811
777 788
777 789
366 789
4 781
4 754
701 781
701 824
684 781
546 754
603 754
304 411
304 790
790 791
557 791
81 557
81 678
544 678
544 951
505 951
503 705
705 800
696 800
319 696
319 526
456 805
612 805
356 715
65 356
65 809
809 810
340 810
340 715
342 872
479 872
543 872
543 755
543 718
543 948
116 872
116 184
230 479
325 631
123 325
123 631
779 826
779 1006
349 779
349 902
672 779
35 349
60 992
60 776
60 625
952 992
621 776
440 776
152 776
771 849
483 771
258 483
193 258
193 441
441 561
561 707
466 707
466 849
484 816
484 693
328 484
854 1011
151 854
857 1011
317 1011
859 1011
538 967
237 538
237 875
568 967
166 237
551 568
314 1017
314 899
825 1017
825 879
382 879
382 899
211 645
492 645
492 594
594 598
598 837
452 837
224 352
224 993
352 1010
909 1010
909 975
975 993
638 886
593 638
593 860
311 860
629 671
154 629
154 671
905 959
580 959
897 959
874 905
395 905
834 889
784 889
556 848
556 757
757 988
545 634
545 946
374 472
221 374
221 393
221 916
221 719
153 472
235 472
102 442
102 868
31 868
9 31
9 384
384 442
43 924
43 807
43 933
43 88
355 807
487 931
137 292
292 934
934 939
67 917
67 936
917 978
708 978
708 1000
936 1000
673 942
176 673
176 942
404 806
404 947
721 806
486 806
417 949
804 949
804 953
391 953
653 893
182 653
182 449
449 852
852 893
77 960
77 983
77 833
77 87
481 960
177 966
177 1016
650 1016
650 965
689 965
573 898
573 640
640 976
640 803
716 898
716 819
459 716
69 976
853 976
780 822
822 985
821 822
426 532
118 426
118 566
118 729
709 991
220 709
458 937
14 937
14 675
362 845
362 1002
33 845
33 1002
278 588
132 278
246 588
475 1007
238 1007
460 529
460 895
529 1012
406 1012
381 406
381 550
297 550
297 895
326 792
256 326
