220 184
112 198
183 198
183 197
111 198
60 183
6 183
67 111
32 111
85 219
85 90
85 175
90 193
15 90
140 175
41 175
18 19
18 170
18 186
27 76
48 76
61 131
61 162
17 61
91 138
138 211
209 211
79 209
99 135
44 99
37 44
37 38
38 39
39 105
1 23
1 116
2 23
2 116
77 215
47 77
46 47
115 202
202 214
168 214
88 168
59 149
55 59
55 149
57 117
57 145
117 122
122 145
62 205
62 70
62 71
70 216
66 120
68 120
50 69
50 136
136 200
3 200
3 73
161 164
80 161
45 161
72 80
35 171
35 82
35 148
81 171
177 190
139 190
5 139
5 125
107 220
181 220
94 147
101 206
101 192
97 206
87 101
34 108
98 108
98 114
104 114
40 104
106 126
126 203
49 203
49 154
42 154
31 42
31 165
103 165
103 106
153 199
127 199
118 199
74 172
74 121
53 121
53 65
65 163
63 163
63 141
141 172
123 128
128 129
33 129
33 169
132 169
26 132
58 217
54 217
54 187
24 187
24 36
36 58
12 16
12 95
9 16
9 178
95 178
84 92
92 158
83 158
83 142
142 212
151 212
151 182
134 182
78 166
78 188
89 166
89 188
43 119
43 160
75 160
75 195
102 159
102 113
113 124
124 210
110 210
22 207
173 207
93 173
93 156
156 204
196 204
143 196
21 157
179 180
8 11
8 146
4 13
4 137
137 167
51 86
29 51
10 100
10 208
176 194
176 184
7 184
7 96
56 64
56 201
64 185
189 201
174 201
109 185
133 189
28 144
25 28
25 155
20 28
20 191
130 213
152 213
14 213
30 218
52 218
52 150
