620 534
410 584
410 485
415 584
415 489
421 584
268 485
53 484
53 609
162 484
198 280
198 360
299 337
17 299
17 31
121 402
121 586
182 586
182 402
244 266
244 353
283 353
283 423
28 423
28 193
316 468
136 468
18 25
18 515
25 102
58 102
58 614
38 614
13 38
13 515
42 200
363 411
73 363
73 216
216 477
339 477
57 339
59 422
54 59
54 464
37 464
11 37
11 47
47 307
49 50
49 186
50 499
184 499
184 420
186 420
239 321
170 321
170 270
68 270
68 239
39 181
103 181
103 435
391 404
391 564
367 564
77 540
77 459
284 540
284 323
323 459
604 613
269 604
269 355
481 604
236 269
148 269
449 481
394 442
92 442
92 215
215 394
441 456
96 441
60 96
60 151
151 340
340 453
101 453
101 456
183 542
45 183
45 105
105 290
290 542
107 176
176 387
110 387
110 530
93 530
93 107
113 114
113 115
113 309
114 117
9 118
9 446
384 386
278 384
124 386
197 213
213 462
213 543
213 388
462 528
112 462
63 443
63 556
32 255
32 125
23 125
23 248
315 589
204 315
204 277
277 539
224 539
224 599
505 599
505 589
554 580
554 558
279 554
152 580
33 580
194 580
153 559
10 211
22 211
22 203
131 359
359 440
46 131
46 595
228 359
300 359
168 169
168 575
169 172
169 173
169 344
144 168
271 282
82 271
82 347
140 347
140 562
180 562
180 298
147 298
147 282
326 471
192 483
212 483
91 378
91 257
91 397
257 521
257 458
27 91
134 161
69 134
69 306
133 306
133 291
202 291
149 196
149 463
41 463
41 207
175 207
296 572
142 296
142 416
126 416
167 425
425 430
430 511
455 511
87 596
87 357
221 596
221 276
187 276
187 475
475 553
357 553
227 229
3 227
3 229
230 238
226 230
178 592
178 379
174 178
237 592
106 374
240 374
19 240
19 106
99 195
4 99
4 90
90 166
166 195
365 371
371 617
250 617
250 302
302 365
252 318
252 254
252 548
254 611
254 258
165 318
219 254
275 538
157 538
154 287
447 574
267 447
267 574
83 122
83 612
122 160
122 432
40 496
40 260
260 480
383 480
383 531
80 531
80 349
67 349
35 231
234 285
285 286
235 286
235 389
389 401
380 401
71 201
71 164
164 294
111 294
109 111
109 201
297 433
433 576
220 576
185 220
185 467
62 467
62 297
233 305
233 256
305 502
256 502
460 579
343 607
312 607
312 330
6 343
6 314
331 343
223 312
14 253
14 130
130 171
327 419
150 327
150 520
325 520
139 325
139 419
328 329
328 591
137 329
137 591
70 587
537 587
108 537
108 336
336 350
350 466
123 466
76 263
311 342
341 552
525 552
129 525
129 519
439 519
189 439
189 351
64 565
64 417
565 600
532 600
417 532
445 457
36 457
36 274
190 274
190 445
434 448
158 434
48 158
272 603
15 272
15 369
369 603
179 243
179 424
232 243
72 232
72 396
396 424
376 451
376 598
119 376
119 597
119 526
407 452
372 407
385 407
214 372
506 578
319 506
319 593
578 593
534 577
426 534
393 426
393 577
95 395
398 582
259 524
246 259
246 332
332 403
288 585
251 585
251 288
43 225
225 399
399 412
1 225
1 159
1 594
56 399
249 491
249 551
486 491
61 486
61 145
145 551
281 573
65 281
498 557
392 557
444 588
428 444
428 494
431 488
488 606
473 606
191 473
191 436
29 436
29 438
438 555
79 581
241 478
21 241
21 75
156 241
138 222
138 304
222 408
352 408
295 352
295 563
523 563
409 523
304 409
358 427
86 358
86 516
86 135
127 461
127 569
143 569
490 601
450 490
322 450
322 362
362 405
289 405
289 601
390 472
361 390
7 361
7 301
66 261
261 479
20 479
518 590
418 590
308 418
308 487
206 487
206 518
373 501
501 616
245 501
88 501
51 245
74 245
333 354
313 333
313 497
81 504
81 317
81 128
482 504
52 120
52 514
120 514
155 605
8 155
8 210
8 34
8 513
470 583
414 470
414 517
338 517
199 368
2 368
218 522
78 218
78 400
5 400
5 527
465 527
465 522
132 264
132 320
320 561
44 264
44 535
44 619
44 454
16 264
356 413
356 545
356 541
265 356
100 545
544 550
469 544
469 512
512 547
84 547
24 84
24 550
94 345
205 508
205 571
205 335
406 508
98 242
98 474
98 262
26 242
12 549
12 303
549 566
549 567
303 429
366 492
85 366
85 209
209 293
97 293
97 509
509 533
292 348
273 292
273 334
334 382
377 382
30 377
30 348
116 546
141 560
529 560
55 529
55 324
104 324
500 615
500 503
615 620
437 615
247 503
89 620
146 163
163 375
375 602
570 602
510 618
381 618
310 608
493 608
493 610
188 610
188 310
208 346
217 364
364 476
177 476
177 568
495 536
