520 444
131 352
2 131
2 433
230 433
152 230
152 180
180 321
8 321
8 352
142 315
142 300
142 426
300 499
300 337
325 426
227 297
28 297
206 219
338 498
160 498
160 472
103 472
209 507
209 477
268 477
268 456
32 456
12 289
139 467
139 451
38 451
38 117
115 117
115 467
84 240
84 308
240 253
89 253
89 308
156 488
48 156
48 49
49 488
94 385
94 455
126 455
306 435
174 306
4 174
4 322
322 368
249 288
57 288
64 263
64 332
66 332
68 440
68 182
421 440
267 440
330 354
74 330
137 354
244 374
77 244
77 159
159 374
55 225
55 479
55 441
11 225
60 505
405 505
405 483
381 505
326 405
72 205
51 205
51 416
96 482
98 482
40 98
40 96
151 339
339 444
173 339
362 411
241 362
97 241
97 409
58 110
111 371
259 371
259 345
70 345
70 111
116 336
116 412
23 367
23 187
122 367
20 178
20 231
164 178
164 359
333 359
333 355
231 355
512 520
281 520
281 305
236 305
19 236
19 396
396 425
108 425
65 108
141 340
141 296
296 383
44 445
54 445
54 469
299 408
14 408
356 408
153 511
153 406
153 184
474 511
406 464
157 474
167 393
69 167
69 393
327 450
27 270
27 166
166 168
105 168
75 203
75 401
401 489
401 468
43 203
291 471
176 291
176 485
314 485
314 497
471 497
191 272
183 191
277 404
169 277
149 169
149 188
85 461
370 461
155 370
155 193
26 335
335 518
246 518
198 246
177 198
171 480
171 202
202 247
247 344
237 344
237 480
127 273
127 466
127 276
208 273
208 212
208 490
208 465
1 273
216 486
73 216
7 73
47 513
47 221
221 222
222 513
224 364
37 224
37 366
113 366
22 25
22 343
22 320
22 232
233 457
215 233
215 457
264 351
264 519
104 519
104 218
78 242
242 243
76 245
76 226
245 414
52 414
52 386
375 386
375 508
185 508
107 185
107 226
458 502
214 458
214 317
148 317
56 148
56 260
175 260
175 502
21 358
21 62
62 93
93 501
102 161
121 161
5 24
5 197
24 199
199 293
293 334
334 357
197 357
211 229
211 424
114 211
41 229
42 283
42 285
165 285
165 420
360 470
360 473
311 360
311 390
100 360
254 311
443 452
16 452
16 181
179 181
179 369
190 200
190 509
123 509
123 438
196 307
307 415
257 307
262 307
312 377
312 313
17 427
17 316
316 481
316 403
347 427
163 427
395 442
323 395
132 395
150 442
162 217
90 162
90 328
35 328
67 342
67 384
342 372
223 342
36 384
207 384
248 384
88 223
79 341
220 287
220 493
220 399
287 346
287 462
287 494
119 284
59 134
59 475
101 475
423 475
86 491
86 106
99 491
99 146
143 146
143 453
448 453
448 510
106 510
63 269
63 373
6 63
91 269
235 269
112 195
154 195
9 154
9 201
82 201
82 274
391 430
39 430
39 348
50 348
10 50
10 382
310 382
30 170
30 388
388 389
282 389
87 282
87 170
392 410
392 500
329 410
329 500
158 378
158 266
271 378
400 402
3 400
136 428
136 432
252 428
95 252
95 492
432 492
292 413
292 478
18 478
18 138
45 138
31 45
31 194
194 503
204 419
204 380
363 419
298 363
298 380
394 429
394 439
189 439
189 192
192 429
376 379
234 376
234 379
431 463
431 434
301 431
125 437
125 258
125 476
124 258
124 350
124 145
33 476
33 130
15 124
295 397
397 514
144 514
144 256
135 361
361 454
34 454
302 459
71 484
238 484
29 238
29 319
318 319
318 349
365 387
81 365
81 83
147 228
61 147
61 129
129 515
210 515
210 290
290 353
278 353
278 422
228 422
294 506
279 506
118 279
118 309
303 309
303 398
398 517
133 517
133 294
46 446
46 80
251 446
13 251
13 407
80 407
417 460
239 460
239 418
239 516
128 239
280 418
53 418
255 436
495 504
140 495
120 140
92 120
92 172
213 487
286 304
304 449
186 449
186 286
261 331
109 261
109 447
324 447
324 331
