820 704
194 674
276 674
593 674
5 6
5 501
6 338
338 397
397 564
501 564
127 660
576 660
93 367
389 589
102 389
68 102
68 589
10 128
128 737
290 737
89 290
26 648
26 27
27 41
41 687
667 687
248 667
52 495
52 119
119 495
181 775
400 775
400 783
116 775
116 161
213 775
21 400
50 699
268 699
54 268
54 158
158 566
368 566
577 734
160 577
160 646
646 734
585 683
496 585
392 585
563 683
190 371
371 510
510 658
19 560
19 330
330 560
696 805
696 698
384 805
70 696
675 696
51 661
22 661
22 123
215 369
215 343
369 565
143 215
18 143
82 143
666 773
142 773
287 820
287 401
55 607
726 736
94 726
424 726
724 726
478 514
99 514
360 623
180 623
180 217
217 360
105 612
105 173
107 173
107 345
316 345
316 612
103 498
103 348
348 710
458 498
297 498
38 348
716 810
118 716
129 716
380 404
404 503
124 503
399 764
12 764
12 542
144 542
144 302
58 250
58 307
134 250
134 192
134 447
137 307
15 307
494 792
3 792
3 346
346 455
455 573
573 715
275 715
147 557
88 557
238 504
209 238
189 209
101 189
13 101
13 504
66 182
66 136
83 470
83 592
84 592
63 335
236 606
167 606
167 236
274 374
33 274
33 799
172 799
172 374
373 411
81 373
81 279
279 433
178 433
25 95
95 267
47 267
47 183
183 184
220 439
220 644
168 439
168 487
188 220
35 188
44 453
453 673
673 686
195 453
195 689
462 686
200 554
201 533
533 647
149 647
149 191
700 795
488 700
375 700
334 638
256 638
256 461
171 461
98 598
2 598
357 556
175 357
165 175
325 694
72 419
72 426
72 578
155 426
86 756
86 436
436 756
688 731
293 731
293 406
65 406
65 688
543 636
157 636
157 543
223 304
241 304
241 244
240 244
104 341
104 301
301 341
139 186
139 162
139 382
186 246
186 254
255 391
257 391
257 774
567 774
260 567
476 590
60 150
60 597
75 597
80 138
45 80
45 525
270 525
270 358
272 358
272 785
707 785
138 707
264 471
278 471
379 591
177 379
197 379
131 177
29 344
305 344
305 548
697 767
628 767
526 628
507 526
456 507
37 456
37 697
17 500
114 500
97 114
314 815
739 815
632 815
303 314
208 739
198 739
306 632
133 569
133 502
351 569
351 812
356 812
262 356
262 313
280 313
280 502
232 605
232 318
318 603
603 802
422 684
684 745
420 745
413 420
413 422
326 748
328 748
328 472
40 472
40 331
331 555
204 555
204 247
247 326
616 650
575 616
575 663
339 340
34 709
34 378
42 709
42 146
108 146
108 378
347 747
529 747
377 529
309 377
67 309
67 717
671 717
355 671
355 516
49 766
49 811
211 766
211 630
630 695
695 811
395 642
365 395
366 613
366 465
300 370
319 370
319 451
451 794
580 794
446 803
376 446
376 444
376 423
126 376
61 595
61 448
61 631
53 595
432 448
315 793
315 386
315 390
363 706
285 363
285 442
169 442
169 435
435 610
610 618
618 706
733 763
24 733
677 733
43 763
187 763
320 763
454 509
361 454
361 416
361 634
509 540
154 509
545 654
421 545
421 789
789 796
7 421
7 457
7 332
418 421
234 654
584 621
481 584
481 798
481 703
415 584
429 430
48 430
48 443
164 626
164 266
92 164
228 266
1 266
39 62
39 708
62 441
441 708
9 233
9 781
9 381
202 425
425 449
449 786
152 425
122 425
30 364
30 312
393 768
110 393
110 176
212 768
402 768
249 768
414 464
464 808
641 808
467 641
214 467
214 414
469 493
493 732
258 732
473 475
473 672
148 473
148 409
475 544
46 475
100 475
539 672
482 484
362 482
362 485
484 486
484 617
484 568
490 806
69 806
492 806
237 680
159 680
59 205
205 394
113 205
113 203
518 541
541 776
253 776
111 253
111 518
239 531
508 531
408 508
230 408
807 818
512 807
218 512
218 818
721 769
517 721
79 769
463 517
109 521
109 523
521 522
522 523
649 757
649 746
308 757
665 757
519 746
530 604
405 530
405 640
405 535
310 530
310 536
310 537
538 604
145 497
145 460
460 483
483 619
619 639
76 639
130 804
586 804
549 586
549 550
550 551
551 685
553 601
210 553
210 359
359 758
601 758
559 596
428 559
222 428
242 349
349 711
151 349
336 653
224 336
224 321
321 653
740 809
572 740
572 801
574 801
216 574
216 231
16 231
16 809
403 579
388 579
350 388
350 403
132 583
132 282
583 702
245 702
245 407
282 407
342 588
115 342
115 269
269 437
437 588
28 725
252 354
252 659
354 534
599 788
505 788
491 505
491 506
459 506
459 600
600 751
608 712
515 712
513 712
611 713
561 611
561 670
670 713
291 615
291 633
226 291
64 353
64 466
466 622
296 624
624 625
625 681
627 681
56 816
56 511
327 511
327 816
410 723
410 813
57 410
652 778
438 652
206 438
206 329
329 778
434 780
229 780
635 780
32 286
221 704
221 651
31 221
125 704
87 655
656 782
637 656
193 637
185 193
185 468
468 782
259 552
259 664
528 664
283 528
283 645
322 645
322 669
547 662
547 777
170 662
170 668
668 777
4 643
298 784
91 140
91 819
682 819
112 682
112 571
311 676
311 372
73 676
693 744
96 693
96 692
692 705
243 691
179 243
179 352
352 562
225 562
225 546
546 691
199 701
199 385
385 524
524 729
729 790
690 790
690 765
570 765
570 701
235 251
235 337
251 398
398 749
714 749
383 714
383 609
289 609
289 718
337 718
156 520
156 800
333 520
284 333
284 800
153 722
153 629
629 728
396 728
396 730
11 730
11 722
323 797
323 735
90 323
90 317
74 90
479 738
78 479
741 742
271 742
271 480
450 480
135 450
135 741
121 417
417 499
499 750
166 750
752 753
277 753
277 755
532 755
295 532
582 759
294 759
294 477
477 762
452 762
452 614
207 620
163 207
8 620
427 772
227 427
227 771
771 772
106 324
36 106
299 324
196 324
474 727
71 474
71 281
71 678
71 779
412 727
587 727
602 743
602 817
594 743
594 720
288 720
288 791
791 817
141 754
141 679
719 787
219 787
263 787
657 719
387 527
527 770
581 770
261 445
77 261
77 117
117 273
273 440
120 440
120 445
174 292
292 814
489 814
20 489
20 23
23 761
265 761
85 265
85 174
