420 358
123 190
3 190
3 120
120 229
143 229
143 280
299 320
9 299
9 10
10 340
315 340
13 315
13 103
62 103
62 79
79 320
156 356
156 334
20 356
20 251
22 251
22 334
284 306
7 306
7 165
165 364
40 364
40 71
8 71
32 342
305 342
287 305
287 399
4 244
4 417
128 244
128 417
144 381
144 291
381 410
201 410
201 312
312 376
291 376
48 218
43 218
43 100
43 400
54 76
54 281
176 281
73 176
73 181
77 181
77 126
61 193
61 344
193 216
216 344
268 321
268 366
243 321
243 318
99 318
99 366
132 355
132 394
388 394
47 50
50 191
1 191
210 293
210 407
162 293
162 232
83 232
83 84
84 407
81 92
44 81
44 112
46 112
46 263
53 263
53 92
369 390
137 390
137 157
137 303
195 390
259 369
98 369
223 246
223 413
125 246
85 246
106 246
91 163
163 279
97 158
97 239
113 224
101 113
68 238
238 419
139 419
139 403
188 403
188 367
367 379
228 253
172 228
172 266
266 392
12 392
12 200
200 253
196 345
196 219
29 345
29 221
221 368
219 368
95 203
203 298
41 95
141 142
142 415
142 189
145 415
117 415
31 102
60 102
274 360
82 274
82 233
82 236
149 274
69 187
69 285
25 285
25 160
185 202
185 326
155 185
202 338
202 289
63 155
166 202
169 408
51 408
51 130
130 169
118 208
235 372
309 372
309 336
179 336
179 363
58 363
56 182
159 182
217 272
217 398
167 398
42 167
2 42
2 272
107 308
308 384
194 384
59 194
59 88
88 197
197 273
19 199
18 258
134 256
205 206
164 206
164 205
86 174
86 170
86 211
170 212
211 323
136 395
136 257
131 362
192 362
78 405
154 177
114 154
114 261
133 261
67 270
67 397
67 111
34 270
198 300
198 234
234 300
39 175
39 49
49 240
240 387
255 387
242 271
411 418
286 411
286 418
72 129
27 72
27 150
27 250
129 314
129 377
28 330
127 330
96 346
96 108
108 346
147 304
89 147
89 304
262 374
264 374
231 264
75 231
75 262
64 122
64 148
350 378
16 180
36 180
36 324
276 324
153 276
153 339
339 352
209 227
227 283
283 296
121 161
35 161
316 375
214 349
214 292
292 313
204 313
87 204
24 87
24 297
33 225
33 207
207 414
404 414
151 404
140 254
269 307
269 310
269 353
307 383
115 310
23 186
186 302
186 371
302 317
302 354
278 302
319 371
17 371
265 278
65 178
65 252
80 252
80 178
93 327
173 328
173 358
241 328
241 332
241 373
241 288
358 396
116 358
5 332
215 282
215 245
55 282
55 322
245 348
6 55
230 322
311 391
295 391
26 295
146 341
146 213
90 104
90 94
90 222
94 357
94 331
38 94
21 222
337 361
260 337
260 335
335 365
365 409
183 409
183 226
138 370
370 406
277 406
277 333
267 333
247 267
135 247
135 248
124 329
171 380
171 382
382 416
325 382
325 385
15 386
15 389
119 389
119 301
152 301
11 393
11 343
109 393
109 343
57 105
57 168
66 168
70 401
249 401
110 401
110 351
110 275
294 401
220 249
52 184
359 402
359 412
290 412
290 402
14 237
14 420
30 237
30 45
45 74
74 347
347 420
