320 274
18 140
140 275
191 275
42 285
42 136
122 136
41 122
41 263
225 263
225 285
12 159
159 303
293 303
105 222
15 317
15 20
20 230
170 230
170 298
24 298
24 317
88 227
57 88
57 291
29 291
29 80
31 80
13 31
13 145
103 145
35 226
35 132
35 245
226 256
179 246
43 87
43 208
208 212
5 208
5 151
47 212
64 212
182 212
120 143
23 143
54 178
54 200
56 178
56 308
200 308
60 211
60 96
262 314
274 314
274 300
62 231
52 62
76 312
45 312
2 45
2 70
70 234
21 123
21 169
169 216
229 233
198 229
83 198
83 319
220 319
86 273
86 164
90 273
79 273
1 273
119 127
119 157
113 127
48 113
48 157
184 318
110 318
110 241
101 241
101 102
102 266
104 266
104 280
195 280
197 242
197 299
239 299
111 239
111 305
128 154
154 276
75 276
75 290
61 290
14 152
95 152
149 158
158 258
203 258
65 203
65 313
84 313
63 84
30 63
30 149
8 236
8 210
228 236
116 228
58 116
58 189
189 267
210 267
139 209
180 209
6 180
6 147
131 177
141 316
141 153
307 316
85 307
85 282
34 282
34 89
89 153
67 155
67 129
33 155
32 250
32 38
38 204
204 250
162 163
162 165
163 283
165 283
167 247
3 167
3 247
26 217
26 205
171 217
171 205
146 268
134 268
176 268
98 146
91 146
219 301
160 206
160 174
174 206
150 168
144 150
71 144
71 188
19 188
199 278
192 278
192 255
97 255
97 196
73 109
73 166
17 166
294 309
4 215
4 69
4 310
69 279
69 124
49 215
55 69
173 286
254 286
44 173
194 306
194 320
40 306
40 259
238 306
264 272
272 311
277 311
16 94
94 224
36 94
36 108
108 287
99 224
232 289
112 232
37 270
37 135
135 270
9 114
9 244
39 114
39 240
240 315
304 315
243 304
243 244
133 187
133 138
92 249
249 251
46 92
46 302
117 251
7 142
7 59
59 257
28 253
25 28
25 260
260 261
253 261
106 118
106 201
78 201
78 137
100 137
100 118
125 271
72 125
51 125
66 72
68 72
126 271
50 295
50 207
50 121
50 281
202 295
202 265
202 292
221 288
221 223
183 288
183 223
11 181
107 181
27 81
27 269
93 186
93 296
93 297
186 190
115 186
74 175
74 193
172 193
172 235
148 235
148 214
82 214
82 175
77 218
156 252
10 156
10 130
130 185
237 284
213 237
161 237
53 213
22 213
