720 614
2 184
2 58
184 450
184 204
152 387
152 683
126 152
116 126
134 387
13 387
104 683
15 339
15 57
17 339
17 57
83 368
40 83
40 579
22 83
133 368
26 555
26 505
505 555
48 701
30 48
30 203
117 523
117 625
523 625
528 568
371 568
371 718
553 718
238 553
238 336
336 394
394 528
153 360
46 630
46 210
80 210
80 302
200 384
186 384
154 186
603 655
422 655
236 588
293 429
429 544
407 544
407 473
64 473
223 314
66 223
66 426
314 426
69 538
538 564
72 564
72 292
23 292
23 41
41 69
361 546
38 361
38 78
78 497
267 497
171 267
171 546
334 417
54 334
199 221
199 301
301 492
492 526
303 526
206 623
206 483
483 599
321 599
304 321
258 649
449 649
101 130
103 130
103 128
128 311
106 326
172 326
172 501
476 635
112 520
112 621
430 520
418 430
90 418
90 621
119 383
119 587
208 587
122 208
122 123
257 580
257 532
127 532
127 570
570 580
71 556
71 270
270 556
413 602
77 602
77 249
34 137
306 313
306 475
475 595
595 662
143 662
143 313
145 688
145 146
81 272
99 211
99 548
211 229
229 264
264 584
132 584
132 548
227 613
161 408
161 668
343 668
29 114
114 551
142 551
166 566
166 591
166 539
170 566
571 591
547 550
147 550
147 389
389 682
350 682
350 547
42 215
42 388
388 432
182 432
271 717
45 698
300 410
189 300
189 190
183 190
183 410
310 510
310 562
310 395
562 652
395 419
395 706
559 562
109 250
109 702
250 585
176 585
176 409
409 578
578 702
337 634
9 337
423 569
397 423
219 397
219 235
219 606
97 219
344 692
254 344
254 440
440 495
382 495
382 692
541 680
290 680
290 694
323 541
6 290
362 460
362 393
379 393
379 515
294 515
294 464
159 464
67 159
67 460
11 537
39 537
39 241
94 241
94 529
435 529
370 435
167 370
167 225
110 248
110 438
181 438
85 181
589 642
28 589
28 255
231 255
111 231
111 642
125 607
519 616
461 519
31 461
490 616
376 685
218 685
218 425
425 637
593 637
593 627
273 276
273 287
276 287
554 705
278 705
533 629
281 533
105 283
105 485
62 283
62 358
244 358
244 485
288 289
288 633
27 289
120 612
185 472
68 472
68 297
297 512
299 451
451 567
233 567
233 299
433 708
340 433
53 340
307 611
279 307
484 611
193 611
328 536
328 659
315 328
316 317
317 581
265 581
141 265
141 665
322 665
341 573
463 573
463 494
327 332
37 327
37 459
445 459
445 471
332 471
365 458
108 552
631 664
234 631
234 572
169 631
169 266
342 664
345 373
345 346
224 346
224 658
226 608
138 226
138 352
349 626
349 355
329 355
329 516
405 516
56 480
56 363
61 480
296 480
98 163
277 366
277 699
107 369
148 324
148 330
158 324
158 531
385 531
330 385
18 305
18 491
491 507
91 252
75 91
75 500
5 44
5 534
44 378
44 73
644 710
214 710
192 214
192 628
86 628
86 396
396 590
230 398
92 230
92 401
401 402
403 424
364 403
269 563
269 319
319 563
3 187
3 415
187 600
43 600
43 237
74 237
74 415
420 455
420 666
47 666
47 441
131 421
131 222
51 222
51 197
521 604
521 677
298 604
298 493
60 521
60 648
517 645
517 653
262 517
646 653
93 179
93 543
35 179
35 543
442 511
511 605
8 442
8 356
446 511
477 511
100 601
100 188
84 601
84 452
188 452
209 456
151 209
96 209
253 331
253 641
641 713
79 713
79 347
347 351
650 656
390 650
207 232
207 243
95 207
33 232
338 474
474 696
19 696
19 268
530 639
202 639
202 481
481 498
140 498
140 443
157 443
157 561
312 488
488 489
489 499
499 684
89 684
89 312
465 513
465 558
76 465
76 574
76 482
76 113
558 712
175 675
175 503
453 503
437 453
437 506
506 675
380 412
380 514
246 514
164 246
404 496
404 697
496 697
168 661
168 196
168 291
661 679
448 661
308 661
49 367
367 525
333 367
486 720
647 720
374 647
228 374
195 228
195 486
102 280
280 399
399 535
261 434
205 261
205 274
70 261
70 704
434 467
139 636
124 139
124 545
545 700
335 700
335 636
87 155
155 217
217 406
359 406
640 670
522 640
454 640
174 392
392 560
428 560
286 428
239 286
194 239
194 565
162 565
162 619
25 663
55 663
55 357
582 663
518 549
549 615
557 615
63 557
121 251
121 282
282 318
318 586
586 672
144 597
144 524
597 676
524 676
21 240
21 660
12 660
12 592
118 592
118 598
325 598
20 596
20 457
82 457
82 577
577 596
470 703
216 703
216 220
216 259
220 414
220 260
201 609
609 610
4 610
4 115
115 377
377 614
469 614
247 469
247 354
65 583
583 620
620 714
32 714
32 65
487 509
191 487
191 695
638 695
381 638
180 381
180 427
59 632
59 320
59 508
59 275
177 632
156 177
479 542
479 669
353 479
622 624
136 622
136 386
173 386
173 411
50 411
50 624
466 651
309 654
88 309
88 657
88 348
178 309
14 88
444 643
444 540
256 444
256 375
256 594
149 256
36 643
160 284
160 400
165 400
575 671
575 673
673 674
242 617
242 436
295 436
295 372
372 462
462 681
10 447
10 690
10 687
52 447
439 447
667 689
686 689
686 691
391 691
391 667
478 693
478 504
504 693
24 416
24 468
263 416
213 416
213 576
16 263
135 263
212 213
198 285
285 707
502 707
502 709
618 711
711 719
150 711
150 431
7 719
715 719
716 719
527 678
245 527
