920 802
351 425
216 351
4 593
593 685
593 632
157 685
171 754
160 171
714 724
109 437
109 311
343 437
343 545
77 545
77 856
598 856
311 598
22 765
399 765
399 544
52 365
52 786
52 433
52 850
786 827
433 722
283 786
297 786
35 552
543 552
543 556
556 880
41 759
41 170
43 170
43 751
175 751
175 616
616 876
439 876
326 439
540 838
540 677
54 302
3 54
3 302
56 57
57 513
320 513
699 911
176 699
176 911
362 445
713 901
461 713
328 461
142 328
142 797
797 845
845 901
72 888
69 72
69 427
274 427
122 274
113 122
113 888
80 809
80 793
684 793
346 684
346 784
310 784
257 310
42 257
42 334
334 809
496 728
91 728
91 92
92 620
278 620
278 496
141 501
141 605
99 234
435 627
102 435
73 102
73 627
287 551
40 287
40 860
238 860
238 741
110 741
110 125
125 551
97 464
97 665
97 826
97 360
276 464
98 276
119 904
371 802
82 858
82 554
554 596
448 554
127 554
601 868
587 601
381 587
381 868
405 648
250 405
219 250
602 648
604 648
358 908
140 358
140 415
415 908
566 572
264 566
264 588
264 413
409 767
577 767
577 897
152 808
149 631
149 430
117 631
117 440
440 510
245 510
245 541
430 541
375 727
163 375
163 164
164 291
27 291
27 727
168 871
313 871
9 835
337 835
337 855
260 855
260 581
442 531
531 831
206 831
206 317
24 317
24 482
184 755
477 755
477 521
265 521
265 514
514 824
757 762
87 757
87 193
193 635
195 635
195 762
503 539
503 742
539 568
742 763
135 503
151 539
526 539
508 611
386 508
124 386
124 645
342 645
342 782
611 782
161 857
395 422
222 395
222 780
222 889
222 590
331 584
331 764
221 331
221 830
424 584
646 679
472 907
484 907
231 484
517 843
517 658
177 517
177 561
177 637
86 177
192 825
192 241
241 847
243 244
243 504
159 244
159 447
25 447
25 504
626 758
432 626
432 694
652 694
457 652
457 758
431 629
431 528
356 629
277 431
45 356
497 795
623 795
623 747
226 747
226 266
267 792
267 796
505 792
270 505
270 428
428 700
700 752
259 752
259 796
633 837
524 837
485 633
387 633
154 293
154 233
95 322
322 841
322 480
480 851
451 841
836 841
63 869
63 417
562 869
294 562
294 417
296 772
520 639
299 520
301 630
301 550
630 875
550 875
252 717
252 887
308 705
248 705
248 308
306 573
306 720
295 720
295 305
305 535
377 535
318 377
318 573
314 319
314 839
105 839
105 319
323 393
393 429
429 574
574 863
21 863
101 628
101 745
130 628
34 130
34 483
71 483
71 794
745 794
26 289
26 339
26 340
188 761
51 188
16 51
16 344
344 785
761 785
46 408
46 773
350 773
182 872
121 182
121 411
121 373
121 181
114 182
114 842
114 285
667 872
18 516
18 834
516 532
434 532
394 434
394 834
367 710
367 804
710 805
10 805
10 12
12 804
189 374
189 421
153 374
153 736
68 736
68 421
380 506
380 388
158 506
30 388
324 388
249 388
459 608
17 459
17 468
468 565
348 565
348 608
14 821
14 88
14 37
436 821
2 14
282 401
401 542
403 716
48 403
48 567
48 819
48 651
38 403
38 475
357 848
649 848
414 649
150 414
150 273
118 273
118 357
7 671
7 828
258 828
258 492
132 492
132 592
592 636
438 636
438 671
548 650
300 548
262 548
128 471
128 603
325 778
325 813
502 778
502 813
404 523
404 441
235 523
235 443
280 404
156 400
156 379
217 379
217 559
559 903
180 903
180 739
449 739
538 591
201 538
201 456
208 456
208 458
458 591
279 641
279 378
378 688
81 688
81 607
530 640
467 530
467 640
263 481
263 832
213 481
213 832
359 917
359 476
290 917
895 917
186 242
61 186
61 479
242 479
469 790
183 469
347 766
347 488
486 766
214 486
214 488
254 494
179 254
179 672
246 672
246 493
493 494
145 495
131 145
107 131
107 499
499 695
533 885
533 654
654 686
686 723
129 723
129 822
47 846
47 609
511 846
511 881
511 515
11 609
33 511
104 148
807 909
298 909
187 563
269 563
269 867
553 870
553 878
498 878
498 704
115 704
555 789
292 789
198 789
315 789
613 691
613 621
621 731
67 613
578 749
578 657
220 657
220 255
255 546
546 547
478 547
478 749
407 549
190 407
55 190
389 915
779 915
779 898
53 389
165 389
202 560
251 750
251 398
251 564
178 682
178 703
178 770
522 703
94 770
284 303
284 580
284 818
210 580
576 733
397 733
138 397
138 361
361 570
570 582
85 212
212 512
93 512
1 93
1 85
309 689
8 689
8 882
120 256
256 862
90 120
90 597
90 383
229 256
600 861
600 873
137 873
137 368
368 861
60 173
173 800
173 420
173 330
420 768
353 800
196 354
196 446
174 196
174 412
174 396
354 771
619 866
200 866
236 866
134 619
169 619
5 702
702 900
683 702
487 725
155 680
155 527
527 680
738 906
455 906
455 760
614 906
74 738
364 738
589 738
642 788
642 643
643 644
644 681
681 776
211 776
211 788
218 370
83 370
83 718
225 537
39 537
39 147
106 656
13 106
13 336
336 352
352 656
272 384
272 798
272 669
50 384
50 126
224 272
382 666
382 673
20 666
20 271
62 271
62 673
579 674
579 676
586 676
369 586
197 369
197 674
327 615
227 327
227 711
304 711
304 615
332 392
332 624
332 599
237 392
237 692
31 392
31 143
136 697
103 136
103 696
696 697
698 737
489 698
489 701
489 625
75 877
75 706
877 905
706 905
707 849
709 849
709 815
416 815
416 787
66 450
66 730
450 775
730 775
78 402
78 108
108 402
372 622
349 372
329 372
162 426
172 426
167 426
275 729
660 910
660 732
896 910
15 239
239 557
209 618
209 664
209 661
618 844
661 746
281 664
726 844
32 893
316 748
748 816
204 816
204 316
19 385
385 470
123 470
444 571
366 571
740 799
569 799
28 569
28 100
100 744
509 913
675 913
423 675
64 853
466 853
453 583
453 575
453 774
583 715
575 662
199 583
474 583
111 575
166 575
781 892
783 892
647 783
647 777
721 777
712 721
452 670
23 452
23 670
791 912
363 791
363 708
363 419
335 912
338 391
268 338
268 734
355 801
355 803
133 803
133 801
36 753
36 617
518 753
205 518
205 865
617 865
811 812
84 812
84 215
215 223
610 817
29 610
89 820
89 823
185 820
185 465
465 823
585 668
116 668
116 253
112 253
112 418
228 418
719 833
312 719
312 833
769 829
735 769
341 735
341 663
663 829
460 886
44 473
473 536
49 536
49 207
6 655
6 500
500 840
288 840
288 655
230 525
376 525
96 376
96 247
247 884
240 859
191 240
191 507
191 756
410 864
410 634
814 864
65 814
59 65
59 634
687 854
595 687
146 595
146 854
462 874
810 874
70 321
70 879
321 638
638 879
333 852
333 463
463 883
612 883
139 612
139 852
307 534
307 406
406 678
890 899
79 890
79 693
491 899
894 899
76 194
194 558
194 490
558 594
490 529
261 558
390 490
454 902
345 454
345 891
891 902
58 519
58 232
519 806
232 806
653 659
914 920
144 914
144 916
286 916
286 918
918 919
919 920
