120 105
27 101
43 101
8 43
8 93
17 96
17 85
17 38
5 96
5 29
13 30
13 110
15 110
10 15
10 16
16 28
19 28
19 50
22 67
23 41
23 68
41 53
1 41
21 68
73 98
51 73
26 73
33 62
62 118
74 118
37 106
4 37
4 106
36 61
25 36
2 25
2 80
80 97
97 113
32 113
32 61
35 108
94 108
94 109
64 109
83 115
70 83
55 70
55 115
58 117
60 63
60 79
44 79
44 45
45 63
95 119
89 95
42 89
42 107
75 107
75 119
34 87
34 46
14 87
14 46
72 116
6 72
6 77
39 77
57 112
90 112
18 90
18 31
31 57
40 84
40 104
102 104
88 102
69 88
81 82
54 81
54 82
11 65
86 92
52 92
7 52
7 99
59 99
59 111
12 111
12 103
78 103
78 86
56 105
9 56
9 49
9 48
9 66
20 91
20 100
100 114
47 114
3 47
24 76
24 71
71 120
